R------x
--x-xx--
x------*
Number of paths: 5
These are the paths:
1. [(0, 0), (0, 1), (1, 1), (1, 2), (2, 2), (3, 2), (4, 2), (5, 2), (6, 2), (7, 2)]
R------x
++x-xx--
x++++++*
2. [(0, 0), (1, 0), (1, 1), (1, 2), (2, 2), (3, 2), (4, 2), (5, 2), (6, 2), (7, 2)]
R+-----x
-+x-xx--
x++++++*
3. [(0, 0), (1, 0), (2, 0), (3, 0), (3, 1), (3, 2), (4, 2), (5, 2), (6, 2), (7, 2)]
R+++---x
--x+xx--
x--++++*
4. [(0, 0), (1, 0), (2, 0), (3, 0), (4, 0), (5, 0), (6, 0), (6, 1), (6, 2), (7, 2)]
R++++++x
--x-xx+-
x-----+*
5. [(0, 0), (1, 0), (2, 0), (3, 0), (4, 0), (5, 0), (6, 0), (6, 1), (7, 1), (7, 2)]
R++++++x
--x-xx++
x------*
